t / s	U_B1 / V	Temp / K
0,0	0,829	282,3
0,5	0,828	282,2
1,0	0,827	281,9
1,5	0,827	281,6
2,0	0,826	281,3
2,5	0,826	281,1
3,0	0,825	280,8
3,5	0,824	280,7
4,0	0,823	280,4
4,5	0,823	280,1
5,0	0,822	279,8
5,5	0,822	279,5
6,0	0,820	279,2
6,5	0,820	278,9
7,0	0,819	278,6
7,5	0,818	278,3
8,0	0,818	278,0
8,5	0,817	277,5
9,0	0,816	277,2
9,5	0,816	276,9
10,0	0,815	276,6
10,5	0,814	276,3
11,0	0,813	275,9
11,5	0,813	275,6
12,0	0,811	275,3
12,5	0,811	274,8
13,0	0,810	274,5
13,5	0,809	274,1
14,0	0,808	273,8
14,5	0,808	273,3
15,0	0,807	273,0
15,5	0,806	272,7
16,0	0,805	272,4
16,5	0,804	272,0
17,0	0,803	271,7
17,5	0,803	271,2
18,0	0,802	270,8
18,5	0,801	270,5
19,0	0,800	270,0
19,5	0,799	269,6
20,0	0,799	269,3
20,5	0,798	268,8
21,0	0,797	268,4
21,5	0,796	268,1
22,0	0,795	267,6
22,5	0,794	267,2
23,0	0,793	266,7
23,5	0,792	266,3
24,0	0,792	266,0
24,5	0,791	265,5
25,0	0,790	265,1
25,5	0,789	264,6
26,0	0,788	264,3
26,5	0,787	263,9
27,0	0,786	263,4
27,5	0,785	263,0
28,0	0,785	262,5
28,5	0,784	262,2
29,0	0,782	261,8
29,5	0,782	261,3
30,0	0,781	260,9
30,5	0,780	260,4
31,0	0,779	260,0
31,5	0,778	259,5
32,0	0,777	259,1
32,5	0,777	258,8
33,0	0,775	258,3
33,5	0,775	257,9
34,0	0,774	257,4
34,5	0,773	257,0
35,0	0,772	256,5
35,5	0,771	256,1
36,0	0,770	255,6
36,5	0,769	255,2
37,0	0,768	254,9
37,5	0,768	254,4
38,0	0,767	254,0
38,5	0,766	253,5
39,0	0,765	253,1
39,5	0,764	252,6
40,0	0,763	252,2
40,5	0,762	251,7
41,0	0,761	251,3
41,5	0,761	250,8
42,0	0,760	250,4
42,5	0,759	250,1
43,0	0,758	249,6
43,5	0,757	249,2
44,0	0,756	248,7
44,5	0,755	248,3
45,0	0,754	247,8
45,5	0,754	247,4
46,0	0,753	246,9
46,5	0,752	246,5
47,0	0,751	246,0
47,5	0,750	245,6
48,0	0,749	245,1
48,5	0,748	244,7
49,0	0,748	244,2
49,5	0,747	243,8
50,0	0,746	243,3
50,5	0,745	242,9
51,0	0,744	242,4
51,5	0,743	242,0
52,0	0,743	241,5
52,5	0,742	241,2
53,0	0,741	240,6
53,5	0,740	240,2
54,0	0,739	239,7
54,5	0,738	239,4
55,0	0,737	238,8
55,5	0,736	238,5
56,0	0,735	238,1
56,5	0,734	237,5
57,0	0,733	237,2
57,5	0,733	236,7
58,0	0,732	236,3
58,5	0,731	235,8
59,0	0,730	235,4
59,5	0,729	234,9
60,0	0,729	234,5
60,5	0,728	234,0
61,0	0,727	233,6
61,5	0,726	233,1
62,0	0,725	232,7
62,5	0,724	232,2
63,0	0,724	231,8
63,5	0,723	231,3
64,0	0,721	230,9
64,5	0,721	230,4
65,0	0,720	230,0
65,5	0,719	229,5
66,0	0,718	229,1
66,5	0,718	228,6
67,0	0,717	228,2
67,5	0,716	227,7
68,0	0,715	227,3
68,5	0,714	226,8
69,0	0,713	226,4
69,5	0,712	225,9
70,0	0,712	225,5
70,5	0,711	225,0
71,0	0,710	224,6
71,5	0,709	224,1
72,0	0,708	223,7
72,5	0,708	223,4
73,0	0,707	222,9
73,5	0,706	222,5
74,0	0,705	222,0
74,5	0,704	221,6
75,0	0,703	221,1
75,5	0,702	220,7
76,0	0,702	220,2
76,5	0,701	219,8
77,0	0,700	219,3
77,5	0,699	218,9
78,0	0,698	218,4
78,5	0,697	218,0
79,0	0,697	217,5
79,5	0,696	217,1
80,0	0,695	216,6
80,5	0,694	216,2
81,0	0,694	215,7
81,5	0,693	215,3
82,0	0,692	214,8
82,5	0,691	214,4
83,0	0,690	213,9
83,5	0,690	213,5
84,0	0,688	213,0
84,5	0,688	212,6
85,0	0,687	212,3
85,5	0,686	211,8
86,0	0,685	211,4
86,5	0,684	210,9
87,0	0,683	210,5
87,5	0,683	210,0
88,0	0,682	209,6
88,5	0,681	209,1
89,0	0,680	208,7
89,5	0,679	208,2
90,0	0,679	207,8
90,5	0,678	207,5
91,0	0,677	207,0
91,5	0,676	206,6
92,0	0,676	206,1
92,5	0,674	205,8
93,0	0,674	205,4
93,5	0,673	204,9
94,0	0,672	204,5
94,5	0,671	204,2
95,0	0,671	203,7
95,5	0,670	203,3
96,0	0,669	203,0
96,5	0,668	202,5
97,0	0,667	202,1
97,5	0,666	201,8
98,0	0,666	201,3
98,5	0,665	201,0
99,0	0,664	200,6
99,5	0,663	200,1
100,0	0,663	199,7
100,5	0,662	199,4
101,0	0,661	198,9
101,5	0,661	198,5
102,0	0,660	198,0
102,5	0,659	197,6
103,0	0,658	197,3
103,5	0,657	196,8
104,0	0,656	196,4
104,5	0,655	195,9
105,0	0,654	195,6
105,5	0,654	195,2
106,0	0,653	194,7
106,5	0,652	194,3
107,0	0,651	193,8
107,5	0,651	193,5
108,0	0,650	193,1
108,5	0,649	192,8
109,0	0,648	192,3
109,5	0,648	191,9
110,0	0,647	191,4
110,5	0,646	191,1
111,0	0,645	190,7
111,5	0,645	190,2
112,0	0,644	189,8
112,5	0,643	189,5
113,0	0,642	189,0
113,5	0,642	188,6
114,0	0,640	188,3
114,5	0,640	187,8
115,0	0,639	187,4
115,5	0,638	187,1
116,0	0,638	186,6
116,5	0,637	186,2
117,0	0,636	185,9
117,5	0,635	185,4
118,0	0,634	185,1
118,5	0,634	184,7
119,0	0,633	184,2
119,5	0,632	183,9
120,0	0,631	183,5
120,5	0,631	183,2
121,0	0,630	182,7
121,5	0,629	182,3
122,0	0,628	182,0
122,5	0,627	181,5
123,0	0,627	181,2
123,5	0,626	180,8
124,0	0,625	180,5
124,5	0,624	180,0
125,0	0,623	179,7
125,5	0,623	179,3
126,0	0,622	179,0
126,5	0,621	178,5
127,0	0,620	178,2
127,5	0,620	177,8
128,0	0,619	177,5
128,5	0,618	177,0
129,0	0,617	176,7
129,5	0,617	176,3
130,0	0,616	176,0
130,5	0,615	175,5
131,0	0,614	175,2
131,5	0,614	174,9
132,0	0,613	174,5
132,5	0,612	174,2
133,0	0,612	173,7
133,5	0,611	173,4
134,0	0,610	173,1
134,5	0,609	172,7
135,0	0,609	172,4
135,5	0,607	171,9
136,0	0,607	171,6
136,5	0,606	171,3
137,0	0,605	170,9
137,5	0,605	170,6
138,0	0,604	170,3
138,5	0,603	169,8
139,0	0,602	169,5
139,5	0,601	169,2
140,0	0,601	168,8
140,5	0,600	168,5
141,0	0,599	168,2
141,5	0,599	167,9
142,0	0,598	167,4
142,5	0,597	167,1
143,0	0,596	166,8
143,5	0,596	166,5
144,0	0,595	166,1
144,5	0,594	165,8
145,0	0,593	165,5
145,5	0,593	165,2
146,0	0,592	164,7
146,5	0,592	164,4
147,0	0,591	164,1
147,5	0,590	163,8
148,0	0,589	163,5
148,5	0,589	163,1
149,0	0,588	162,8
149,5	0,587	162,5
150,0	0,586	162,2
150,5	0,586	161,9
151,0	0,585	161,4
151,5	0,584	161,1
152,0	0,584	160,8
152,5	0,583	160,5
153,0	0,583	160,2
153,5	0,582	159,9
154,0	0,581	159,6
154,5	0,580	159,2
155,0	0,579	158,9
155,5	0,579	158,6
156,0	0,578	158,3
156,5	0,578	158,0
157,0	0,577	157,7
157,5	0,576	157,4
158,0	0,575	157,1
158,5	0,575	156,8
159,0	0,574	156,5
159,5	0,573	156,2
160,0	0,572	155,9
160,5	0,572	155,6
161,0	0,571	155,3
161,5	0,570	155,0
162,0	0,569	154,7
162,5	0,569	154,4
163,0	0,568	154,1
163,5	0,568	153,8
164,0	0,567	153,5
164,5	0,566	153,2
165,0	0,565	152,9
165,5	0,565	152,6
166,0	0,564	152,3
166,5	0,563	152,0
167,0	0,562	151,7
167,5	0,562	151,4
168,0	0,561	151,1
168,5	0,560	150,9
169,0	0,560	150,6
169,5	0,559	150,3
170,0	0,558	150,0
170,5	0,558	149,7
171,0	0,557	149,4
171,5	0,556	149,1
172,0	0,555	148,8
172,5	0,555	148,5
173,0	0,554	148,4
173,5	0,554	148,1
174,0	0,552	147,8
174,5	0,552	147,5
175,0	0,551	147,2
175,5	0,551	147,0
176,0	0,550	146,7
176,5	0,549	146,4
177,0	0,549	146,1
177,5	0,548	145,8
178,0	0,547	145,7
178,5	0,546	145,4
179,0	0,545	145,1
179,5	0,545	144,8
180,0	0,544	144,6
180,5	0,543	144,3
181,0	0,543	144,0
181,5	0,542	143,7
182,0	0,542	143,6
182,5	0,541	143,3
183,0	0,540	143,0
183,5	0,539	142,7
184,0	0,539	142,5
184,5	0,538	142,2
185,0	0,537	141,9
185,5	0,536	141,8
186,0	0,536	141,5
186,5	0,535	141,2
187,0	0,534	141,0
187,5	0,533	140,7
188,0	0,533	140,4
188,5	0,532	140,3
189,0	0,531	140,0
189,5	0,531	139,8
190,0	0,530	139,5
190,5	0,529	139,2
191,0	0,529	139,1
191,5	0,528	138,8
192,0	0,527	138,6
192,5	0,526	138,3
193,0	0,526	138,2
193,5	0,525	137,9
194,0	0,524	137,6
194,5	0,523	137,4
195,0	0,523	137,1
195,5	0,522	137,0
196,0	0,521	136,7
196,5	0,521	136,5
197,0	0,520	136,2
197,5	0,519	136,1
198,0	0,519	135,8
198,5	0,518	135,6
199,0	0,517	135,3
199,5	0,517	135,2
200,0	0,516	134,9
200,5	0,515	134,7
201,0	0,514	134,4
201,5	0,514	134,3
202,0	0,513	134,1
202,5	0,512	133,8
203,0	0,511	133,7
203,5	0,511	133,4
204,0	0,510	133,2
204,5	0,509	133,1
205,0	0,509	132,9
205,5	0,508	132,6
206,0	0,508	132,5
206,5	0,506	132,2
207,0	0,506	132,0
207,5	0,505	131,9
208,0	0,504	131,6
208,5	0,503	131,4
209,0	0,503	131,3
209,5	0,502	131,0
210,0	0,501	130,8
210,5	0,500	130,7
211,0	0,500	130,4
211,5	0,499	130,2
212,0	0,498	130,1
212,5	0,497	129,8
213,0	0,497	129,6
213,5	0,496	129,5
214,0	0,495	129,3
214,5	0,494	129,0
215,0	0,494	128,9
215,5	0,493	128,7
216,0	0,492	128,6
216,5	0,491	128,3
217,0	0,490	128,1
217,5	0,489	128,0
218,0	0,489	127,8
218,5	0,488	127,5
219,0	0,487	127,4
219,5	0,486	127,2
220,0	0,486	127,1
220,5	0,484	126,9
221,0	0,484	126,6
221,5	0,483	126,5
222,0	0,482	126,3
222,5	0,482	126,2
223,0	0,481	126,0
223,5	0,480	125,7
224,0	0,479	125,6
224,5	0,478	125,4
225,0	0,477	125,3
225,5	0,476	125,1
226,0	0,476	125,0
226,5	0,475	124,8
227,0	0,474	124,5
227,5	0,473	124,4
228,0	0,472	124,2
228,5	0,471	124,1
229,0	0,470	123,9
229,5	0,469	123,8
230,0	0,468	123,6
230,5	0,467	123,5
231,0	0,466	123,3
231,5	0,466	123,0
232,0	0,465	122,9
232,5	0,463	122,7
233,0	0,463	122,6
233,5	0,461	122,4
234,0	0,461	122,3
234,5	0,459	122,1
235,0	0,458	122,0
235,5	0,458	121,8
236,0	0,456	121,7
236,5	0,455	121,5
237,0	0,454	121,4
237,5	0,453	121,2
238,0	0,452	121,1
238,5	0,451	120,9
239,0	0,450	120,8
239,5	0,448	120,6
240,0	0,447	120,5
240,5	0,446	120,3
241,0	0,444	120,2
241,5	0,443	120,0
242,0	0,442	119,9
242,5	0,441	119,7
243,0	0,439	119,6
243,5	0,438	119,6
244,0	0,436	119,4
244,5	0,435	119,3
245,0	0,433	119,1
245,5	0,432	119,0
246,0	0,430	118,8
246,5	0,429	118,7
247,0	0,427	118,5
247,5	0,425	118,5
248,0	0,423	118,4
248,5	0,421	118,2
249,0	0,420	118,1
249,5	0,418	117,9
250,0	0,416	117,8
250,5	0,414	117,6
251,0	0,412	117,6
251,5	0,410	117,5
252,0	0,408	117,3
252,5	0,406	117,2
253,0	0,403	117,0
253,5	0,401	116,9
254,0	0,398	116,7
254,5	0,396	116,7
255,0	0,393	116,6
255,5	0,390	116,4
256,0	0,387	116,3
256,5	0,385	116,3
257,0	0,382	116,1
257,5	0,379	116,0
258,0	0,376	115,8
258,5	0,372	115,7
259,0	0,369	115,7
259,5	0,366	115,5
260,0	0,362	115,4
260,5	0,359	115,2
261,0	0,355	115,1
261,5	0,351	115,1
262,0	0,348	114,9
262,5	0,344	114,8
263,0	0,340	114,6
263,5	0,335	114,6
264,0	0,331	114,5
264,5	0,326	114,3
265,0	0,322	114,3
265,5	0,318	114,2
266,0	0,313	114,0
266,5	0,308	113,9
267,0	0,303	113,9
267,5	0,297	113,7
268,0	0,292	113,6
268,5	0,287	113,6
269,0	0,282	113,4
269,5	0,276	113,3
270,0	0,271	113,3
270,5	0,265	113,1
271,0	0,259	113,0
271,5	0,253	113,0
272,0	0,247	112,8
272,5	0,241	112,7
273,0	0,234	112,7
273,5	0,228	112,5
274,0	0,222	112,4
274,5	0,215	112,4
275,0	0,209	112,2
275,5	0,202	112,1
276,0	0,196	112,1
276,5	0,190	111,9
277,0	0,183	111,8
277,5	0,177	111,8
278,0	0,171	111,6
278,5	0,165	111,6
279,0	0,158	111,5
279,5	0,152	111,3
280,0	0,146	111,3
280,5	0,140	111,2
281,0	0,134	111,2
281,5	0,127	111,0
282,0	0,121	110,9
282,5	0,116	110,9
283,0	0,110	110,7
283,5	0,104	110,7
284,0	0,099	110,6
284,5	0,093	110,4
285,0	0,088	110,4
285,5	0,082	110,3
286,0	0,077	110,3
286,5	0,072	110,1
287,0	0,067	110,1
287,5	0,062	110,0
288,0	0,056	110,0
288,5	0,052	109,8
289,0	0,048	109,7
289,5	0,043	109,7
290,0	0,039	109,5
290,5	0,036	109,5
291,0	0,032	109,4
291,5	0,029	109,4
292,0	0,026	109,2
292,5	0,023	109,2
293,0	0,021	109,1
293,5	0,019	109,1
294,0	0,017	108,9
294,5	0,015	108,9
295,0	0,013	108,8
295,5	0,011	108,8
296,0	0,010	108,6
296,5	0,008	108,6
297,0	0,007	108,5
297,5	0,005	108,5
298,0	0,004	108,3
298,5	0,003	108,3
299,0	0,002	108,2
299,5	0,001	108,2
300,0	0,000	108,0
300,5	0,000	108,0
301,0	-0,001	107,9
301,5	-0,001	107,9
302,0	-0,002	107,7
302,5	-0,002	107,7
303,0	-0,002	107,6
303,5	-0,003	107,6
304,0	-0,003	107,6
304,5	-0,003	107,4
305,0	-0,003	107,4
305,5	-0,003	107,3
306,0	-0,003	107,3
306,5	-0,003	107,1
307,0	-0,003	107,1
307,5	-0,003	107,0
308,0	-0,003	107,0
308,5	-0,004	106,8
309,0	-0,004	106,8
309,5	-0,004	106,8
310,0	-0,003	106,7
310,5	-0,003	106,7
311,0	-0,004	106,5
311,5	-0,004	106,5
312,0	-0,004	106,5
312,5	-0,004	106,4
313,0	-0,004	106,4
313,5	-0,004	106,2
314,0	-0,004	106,2
314,5	-0,004	106,2
315,0	-0,004	106,1
315,5	-0,004	106,1
316,0	-0,004	105,9
316,5	-0,004	105,9
317,0	-0,004	105,9
317,5	-0,004	105,8
318,0	-0,004	105,8
318,5	-0,004	105,8
319,0	-0,004	105,6
319,5	-0,004	105,6
320,0	-0,004	105,5
320,5	-0,004	105,5
321,0	-0,004	105,5
321,5	-0,004	105,3
322,0	-0,003	105,3
322,5	-0,004	105,3
323,0	-0,004	105,2
323,5	-0,003	105,2
324,0	-0,004	105,2
324,5	-0,003	105,0
325,0	-0,003	105,0
325,5	-0,004	105,0
326,0	-0,004	104,9
326,5	-0,004	104,9
327,0	-0,003	104,9
327,5	-0,004	104,7
328,0	-0,003	104,7
328,5	-0,004	104,7
329,0	-0,004	104,6
329,5	-0,004	104,6
330,0	-0,003	104,6
330,5	-0,003	104,4
331,0	-0,003	104,4
331,5	-0,003	104,4
332,0	-0,003	104,3
332,5	-0,003	104,3
333,0	-0,003	104,3
333,5	-0,003	104,3
334,0	-0,003	104,1
334,5	-0,003	104,1
335,0	-0,003	104,0
335,5	-0,003	104,0
336,0	-0,003	104,0
336,5	-0,003	104,0
337,0	-0,003	103,8
337,5	-0,003	103,8
338,0	-0,003	103,8
338,5	-0,003	103,7
339,0	-0,003	103,7
339,5	-0,003	103,7
340,0	-0,003	103,7
340,5	-0,003	103,5
341,0	-0,003	103,5
341,5	-0,003	103,5
342,0	-0,003	103,4
342,5	-0,003	103,4
343,0	-0,003	103,4
343,5	-0,003	103,4
344,0	-0,003	103,2
344,5	-0,003	103,2
345,0	-0,003	103,2
345,5	-0,003	103,2
346,0	-0,003	103,1
346,5	-0,003	103,1
347,0	-0,003	103,1
347,5	-0,003	103,1
348,0	-0,003	102,9
348,5	-0,003	102,9
349,0	-0,003	102,9
349,5	-0,003	102,9
350,0	-0,003	102,8
350,5	-0,003	102,8
351,0	-0,003	102,8
351,5	-0,003	102,8
352,0	-0,003	102,6
352,5	-0,003	102,6
353,0	-0,003	102,6
353,5	-0,002	102,6
354,0	-0,003	102,6
354,5	-0,003	102,5
355,0	-0,002	102,5
355,5	-0,002	102,5
356,0	-0,002	102,5
356,5	-0,003	102,3
357,0	-0,003	102,3
357,5	-0,002	102,3
358,0	-0,002	102,3
358,5	-0,002	102,2
359,0	-0,002	102,2
359,5	-0,002	102,2
360,0	-0,003	102,2
360,5	-0,002	102,2
361,0	-0,002	102,0
361,5	-0,002	102,0
362,0	-0,002	102,0
362,5	-0,002	102,0
363,0	-0,002	102,0
363,5	-0,002	101,9
364,0	-0,002	101,9
364,5	-0,002	101,9
365,0	-0,003	101,9
365,5	-0,003	101,9
366,0	-0,003	101,7
366,5	-0,002	101,7
367,0	-0,002	101,7
367,5	-0,002	101,7
368,0	-0,002	101,7
368,5	-0,002	101,6
369,0	-0,002	101,6
369,5	-0,002	101,6
370,0	-0,002	101,6
370,5	-0,002	101,6
371,0	-0,002	101,6
371,5	-0,002	101,4
372,0	-0,002	101,4
372,5	-0,002	101,4
373,0	-0,002	101,4
373,5	-0,002	101,4
374,0	-0,002	101,3
374,5	-0,002	101,3
375,0	-0,002	101,3
375,5	-0,002	101,3
376,0	-0,002	101,3
376,5	-0,002	101,3
377,0	-0,002	101,1
377,5	-0,002	101,1
378,0	-0,002	101,1
378,5	-0,002	101,1
379,0	-0,002	101,1
379,5	-0,002	101,1
380,0	-0,002	101,0
380,5	-0,002	101,0
381,0	-0,002	101,0
381,5	-0,003	101,0
382,0	-0,002	101,0
382,5	-0,002	101,0
383,0	-0,002	101,0
383,5	-0,002	100,8
384,0	-0,002	100,8
384,5	-0,002	100,8
385,0	-0,002	100,8
385,5	-0,003	100,8
386,0	-0,002	100,8
386,5	-0,002	100,8
387,0	-0,002	100,7
387,5	-0,002	100,7
388,0	-0,002	100,7
388,5	-0,002	100,7
389,0	-0,003	100,7
389,5	-0,003	100,7
390,0	-0,002	100,5
390,5	-0,002	100,5
391,0	-0,002	100,5
391,5	-0,002	100,5
392,0	-0,002	100,5
392,5	-0,002	100,5
393,0	-0,002	100,5
393,5	-0,002	100,5
394,0	-0,002	100,4
394,5	-0,002	100,4
395,0	-0,002	100,4
395,5	-0,002	100,4
396,0	-0,002	100,4
396,5	-0,002	100,4
397,0	-0,002	100,4
397,5	-0,002	100,4
398,0	-0,002	100,2
398,5	-0,002	100,2
399,0	-0,002	100,2
399,5	-0,002	100,2
400,0	-0,002	100,2
400,5	-0,002	100,2
401,0	-0,002	100,2
401,5	-0,002	100,2
402,0	-0,002	100,2
402,5	-0,002	100,1
403,0	-0,002	100,1
403,5	-0,002	100,1
404,0	-0,002	100,1
404,5	-0,002	100,1
405,0	-0,002	100,1
405,5	-0,002	100,1
406,0	-0,002	100,1
406,5	-0,002	100,1
407,0	-0,002	100,1
407,5	-0,002	99,9
408,0	-0,002	99,9
408,5	-0,002	99,9
409,0	-0,002	99,9
409,5	-0,002	99,9
410,0	-0,002	99,9
410,5	-0,002	99,9
411,0	-0,002	99,9
411,5	-0,002	99,9
412,0	-0,002	99,9
412,5	-0,002	99,9
413,0	-0,002	99,8
413,5	-0,002	99,8
414,0	-0,002	99,8
414,5	-0,002	99,8
415,0	-0,002	99,8
415,5	-0,002	99,8
416,0	-0,002	99,8
416,5	-0,002	99,8
417,0	-0,002	99,8
417,5	-0,002	99,8
418,0	-0,002	99,8
418,5	-0,002	99,8
419,0	-0,002	99,6
419,5	-0,002	99,6
420,0	-0,002	99,6
420,5	-0,002	99,6
421,0	-0,002	99,6
421,5	-0,002	99,6
422,0	-0,002	99,6
422,5	-0,002	99,6
423,0	-0,002	99,6
423,5	-0,002	99,6
424,0	-0,002	99,6
424,5	-0,002	99,6
425,0	-0,002	99,6
425,5	-0,002	99,6
426,0	-0,002	99,5
426,5	-0,002	99,6
427,0	-0,002	99,5
427,5	-0,002	99,5
428,0	-0,002	99,5
428,5	-0,002	99,5
429,0	-0,002	99,5
429,5	-0,002	99,5
430,0	-0,002	99,5
430,5	-0,002	99,5
431,0	-0,002	99,5
431,5	-0,002	99,5
432,0	-0,002	99,5
432,5	-0,002	99,5
433,0	-0,002	99,5
433,5	-0,002	99,5
434,0	-0,002	99,3
434,5	-0,002	99,3
435,0	-0,002	99,3
435,5	-0,002	99,3
436,0	-0,002	99,3
436,5	-0,002	99,3
437,0	-0,002	99,3
437,5	-0,003	99,3
438,0	-0,003	99,3
438,5	-0,003	99,3
439,0	-0,003	99,3
439,5	-0,003	99,3
440,0	-0,002	99,3
440,5	-0,002	99,3
441,0	-0,002	99,3
441,5	-0,002	99,3
442,0	-0,002	99,3
442,5	-0,002	99,3
443,0	-0,002	99,3
443,5	-0,002	99,3
444,0	-0,002	99,3
444,5	-0,002	99,3
445,0	-0,002	99,3
445,5	-0,002	99,3
446,0	-0,002	99,3
446,5	-0,002	99,2
447,0	-0,002	99,3
447,5	-0,002	99,2
448,0	-0,002	99,2
448,5	-0,002	99,2
449,0	-0,002	99,2
449,5	-0,002	99,2
450,0	-0,002	99,2
450,5	-0,002	99,2
451,0	-0,002	99,2
451,5	-0,002	99,2
452,0	-0,002	99,2
452,5	-0,002	99,2
453,0	-0,002	99,2
453,5	-0,002	99,2
454,0	-0,002	99,2
454,5	-0,002	99,2
455,0	-0,002	99,2
455,5	-0,002	99,2
456,0	-0,002	99,2
456,5	-0,002	99,2
457,0	-0,002	99,2
457,5	-0,002	99,2
458,0	-0,002	99,2
458,5	-0,002	99,2
459,0	-0,002	99,2
459,5	-0,002	99,2
460,0	-0,002	99,2
460,5	-0,003	99,2
461,0	-0,003	99,2
461,5	-0,002	99,2
462,0	-0,002	99,2
462,5	-0,002	99,2
463,0	-0,003	99,2
463,5	-0,002	99,2
464,0	-0,002	99,2
464,5	-0,002	99,2
465,0	-0,002	99,2
465,5	-0,002	99,2
466,0	-0,002	99,2
466,5	-0,002	99,2
467,0	-0,002	99,2
467,5	-0,002	99,2
468,0	-0,002	99,2
468,5	-0,002	99,2
469,0	-0,002	99,2
469,5	-0,002	99,2
470,0	-0,002	99,2
470,5	-0,002	99,2
471,0	-0,002	99,2
471,5	-0,002	99,2
472,0	-0,002	99,2
472,5	-0,002	99,2
473,0	-0,002	99,2
473,5	-0,002	99,2
474,0	-0,002	99,2
474,5	-0,002	99,2
475,0	-0,002	99,2
475,5	-0,002	99,2
476,0	-0,002	99,2
476,5	-0,002	99,2
477,0	-0,002	99,2
477,5	-0,002	99,2
478,0	-0,002	99,2
478,5	-0,002	99,2
479,0	-0,002	99,2
479,5	-0,002	99,2
480,0	-0,002	99,2
480,5	-0,002	99,2
481,0	-0,002	99,2
481,5	-0,002	99,2
482,0	-0,002	99,2
482,5	-0,002	99,2
483,0	-0,002	99,2
483,5	-0,002	99,2
484,0	-0,002	99,2
484,5	-0,002	99,2
485,0	-0,002	99,2
485,5	-0,002	99,2
486,0	-0,002	99,2
486,5	-0,002	99,2
487,0	-0,002	99,2
487,5	-0,002	99,2
488,0	-0,002	99,2
488,5	-0,002	99,2
489,0	-0,002	99,2
489,5	-0,002	99,2
490,0	-0,002	99,2
490,5	-0,002	99,2
491,0	-0,003	99,2
491,5	-0,003	99,2
492,0	-0,002	99,2
492,5	-0,003	99,2
493,0	-0,002	99,2
493,5	-0,002	99,2
494,0	-0,002	99,2
494,5	-0,002	99,2
495,0	-0,002	99,2
495,5	-0,002	99,2
496,0	-0,002	99,2
496,5	-0,002	99,2
497,0	-0,002	99,2
497,5	-0,002	99,2
498,0	-0,002	99,2
498,5	-0,002	99,2
499,0	-0,002	99,2
499,5	-0,002	99,2
500,0	-0,002	99,2
500,5	-0,002	99,2
501,0	-0,002	99,2
501,5	-0,002	99,3
502,0	-0,002	99,3
502,5	-0,002	99,3
503,0	-0,002	99,3
503,5	-0,002	99,3
504,0	-0,002	99,3
504,5	-0,002	99,3
505,0	-0,002	99,3
505,5	-0,002	99,3
506,0	-0,002	99,3
506,5	-0,002	99,3
507,0	-0,002	99,3
507,5	-0,002	99,3
508,0	-0,002	99,3
508,5	-0,002	99,3
509,0	-0,002	99,3
509,5	-0,002	99,3
510,0	-0,002	99,3
510,5	-0,002	99,3
511,0	-0,002	99,3
511,5	-0,002	99,3
512,0	-0,002	99,3
512,5	-0,002	99,3
513,0	-0,002	99,3
513,5	-0,003	99,3
514,0	-0,002	99,3
514,5	-0,002	99,3
515,0	-0,002	99,3
515,5	-0,002	99,3
516,0	-0,002	99,3
516,5	-0,002	99,3
517,0	-0,002	99,3
517,5	-0,002	99,3
518,0	-0,002	99,3
518,5	-0,002	99,3
519,0	-0,002	99,3
519,5	-0,002	99,3
520,0	-0,002	99,3
520,5	-0,002	99,5
521,0	-0,003	99,5
521,5	-0,003	99,5
522,0	-0,003	99,5
522,5	-0,003	99,5
523,0	-0,003	99,5
523,5	-0,002	99,5
524,0	-0,002	99,5
524,5	-0,003	99,5
525,0	-0,002	99,5
525,5	-0,002	99,5
526,0	-0,003	99,5
526,5	-0,003	99,5
527,0	-0,003	99,5
527,5	-0,002	99,5
528,0	-0,003	99,5
528,5	-0,003	99,5
529,0	-0,003	99,5
529,5	-0,003	99,5
530,0	-0,003	99,5
530,5	-0,003	99,5
531,0	-0,003	99,5
531,5	-0,003	99,5
532,0	-0,002	99,5
532,5	-0,002	99,5
533,0	-0,002	99,5
533,5	-0,002	99,5
534,0	-0,003	99,5
534,5	-0,003	99,5
535,0	-0,003	99,5
535,5	-0,003	99,5
536,0	-0,003	99,5
536,5	-0,003	99,5
537,0	-0,002	99,5
537,5	-0,002	99,5
538,0	-0,002	99,6
538,5	-0,003	99,6
539,0	-0,003	99,6
539,5	-0,002	99,6
540,0	-0,002	99,6
540,5	-0,002	99,6
541,0	-0,003	99,6
541,5	-0,002	99,6
542,0	-0,002	99,6
542,5	-0,002	99,6
543,0	-0,003	99,6
543,5	-0,002	99,6
544,0	-0,002	99,6
544,5	-0,002	99,6
545,0	-0,002	99,6
545,5	-0,002	99,6
546,0	-0,002	99,6
546,5	-0,003	99,6
547,0	-0,002	99,6
547,5	-0,002	99,6
548,0	-0,002	99,6
548,5	-0,002	99,6
549,0	-0,002	99,6
549,5	-0,002	99,6
550,0	-0,002	99,6
550,5	-0,002	99,6
551,0	-0,002	99,6
551,5	-0,002	99,6
552,0	-0,002	99,6
552,5	-0,002	99,6
553,0	-0,002	99,6
553,5	-0,002	99,8
554,0	-0,003	99,6
554,5	-0,002	99,8
555,0	-0,002	99,8
555,5	-0,002	99,8
556,0	-0,003	99,8
556,5	-0,003	99,8
557,0	-0,003	99,8
557,5	-0,003	99,8
558,0	-0,003	99,8
558,5	-0,003	99,8
559,0	-0,002	99,8
559,5	-0,002	99,8
560,0	-0,003	99,8
560,5	-0,002	99,8
561,0	-0,002	99,8
561,5	-0,003	99,8
562,0	-0,003	99,8
562,5	-0,003	99,8
563,0	-0,003	99,8
563,5	-0,003	99,8
564,0	-0,003	99,8
564,5	-0,003	99,8
565,0	-0,003	99,8
565,5	-0,003	99,8
566,0	-0,003	99,9
566,5	-0,003	99,8
567,0	-0,003	99,9
567,5	-0,003	99,9
568,0	-0,002	99,9
568,5	-0,003	99,9
569,0	-0,002	99,9
569,5	-0,002	99,9
570,0	-0,002	99,9
570,5	-0,003	99,9
571,0	-0,003	99,9
571,5	-0,003	99,9
572,0	-0,002	99,9
572,5	-0,002	99,9
573,0	-0,002	99,9
573,5	-0,002	99,9
574,0	-0,003	99,9
574,5	-0,003	99,9
575,0	-0,002	99,9
575,5	-0,003	99,9
576,0	-0,002	99,9
576,5	-0,002	99,9
577,0	-0,003	99,9
577,5	-0,003	99,9
578,0	-0,002	100,1
578,5	-0,003	100,1
579,0	-0,003	100,1
579,5	-0,003	100,1
580,0	-0,002	100,1
580,5	-0,003	100,1
581,0	-0,002	100,1
581,5	-0,002	100,1
582,0	-0,003	100,1
582,5	-0,003	100,1
583,0	-0,002	100,1
583,5	-0,002	100,1
584,0	-0,002	100,1
584,5	-0,002	100,1
585,0	-0,002	100,1
585,5	-0,002	100,1
586,0	-0,002	100,1
586,5	-0,002	100,1
587,0	-0,002	100,1
587,5	-0,002	100,1
588,0	-0,002	100,1
588,5	-0,002	100,1
589,0	-0,002	100,1
589,5	-0,002	100,1
590,0	-0,002	100,2
590,5	-0,002	100,2
591,0	-0,002	100,2
591,5	-0,002	100,2
592,0	-0,002	100,2
592,5	-0,002	100,2
593,0	-0,002	100,2
593,5	-0,002	100,2
594,0	-0,002	100,2
594,5	-0,002	100,2
595,0	-0,002	100,2
595,5	-0,003	100,2
596,0	-0,002	100,2
596,5	-0,002	100,2
597,0	-0,002	100,2
597,5	-0,002	100,2
598,0	-0,002	100,2
598,5	-0,002	100,2
599,0	-0,002	100,2
599,5	-0,003	100,2
600,0	-0,002	100,2
600,5	-0,002	100,2
601,0	-0,002	100,2
601,5	-0,003	100,4
602,0	-0,002	100,2
602,5	-0,002	100,4
603,0	-0,003	100,4
603,5	-0,003	100,4
604,0	-0,002	100,4
604,5	-0,003	100,4
605,0	-0,003	100,4
605,5	-0,003	100,4
606,0	-0,002	100,4
606,5	-0,003	100,4
607,0	-0,003	100,4
607,5	-0,003	100,4
608,0	-0,002	100,4
608,5	-0,002	100,4
609,0	-0,002	100,4
609,5	-0,003	100,4
610,0	-0,002	100,4
610,5	-0,002	100,4
611,0	-0,002	100,4
611,5	-0,002	100,4
612,0	-0,002	100,5
612,5	-0,002	100,5
613,0	-0,002	100,5
613,5	-0,002	100,5
614,0	-0,002	100,5
614,5	-0,002	100,5
615,0	-0,002	100,5
615,5	-0,002	100,5
616,0	-0,002	100,5
616,5	-0,002	100,5
617,0	-0,003	100,5
617,5	-0,003	100,5
618,0	-0,002	100,5
618,5	-0,002	100,5
619,0	-0,002	100,5
619,5	-0,002	100,5
620,0	-0,002	100,7
620,5	-0,002	100,7
621,0	-0,002	100,7
621,5	-0,002	100,7
622,0	-0,002	100,7
622,5	-0,003	100,7
623,0	-0,003	100,7
623,5	-0,002	100,7
624,0	-0,002	100,7
624,5	-0,002	100,7
625,0	-0,003	100,7
625,5	-0,002	100,7
626,0	-0,003	100,8
626,5	-0,003	100,8
627,0	-0,003	100,8
627,5	-0,003	100,8
628,0	-0,002	100,8
628,5	-0,002	100,8
629,0	-0,002	100,8
629,5	-0,002	100,8
630,0	-0,003	100,8
630,5	-0,003	100,8
631,0	-0,003	101,0
631,5	-0,003	101,0
632,0	-0,003	101,0
632,5	-0,003	101,0
633,0	-0,003	101,0
633,5	-0,003	101,0
634,0	-0,003	101,0
634,5	-0,003	101,0
635,0	-0,003	101,0
635,5	-0,003	101,0
636,0	-0,003	101,0
636,5	-0,003	101,0
637,0	-0,003	101,0
637,5	-0,003	101,0
638,0	-0,003	101,0
638,5	-0,003	101,1
639,0	-0,003	101,1
639,5	-0,003	101,1
640,0	-0,003	101,1
640,5	-0,003	101,1
641,0	-0,003	101,1
641,5	-0,003	101,1
642,0	-0,003	101,1
642,5	-0,003	101,1
643,0	-0,003	101,1
643,5	-0,003	101,1
644,0	-0,003	101,1
644,5	-0,003	101,1
645,0	-0,003	101,1
645,5	-0,003	101,1
646,0	-0,003	101,3
646,5	-0,003	101,3
647,0	-0,003	101,3
647,5	-0,003	101,3
648,0	-0,003	101,3
648,5	-0,003	101,3
649,0	-0,003	101,3
649,5	-0,003	101,3
650,0	-0,003	101,3
650,5	-0,003	101,3
651,0	-0,003	101,3
651,5	-0,003	101,4
652,0	-0,003	101,4
652,5	-0,003	101,4
653,0	-0,003	101,4
653,5	-0,003	101,4
654,0	-0,003	101,4
654,5	-0,003	101,4
655,0	-0,003	101,4
655,5	-0,003	101,4
656,0	-0,003	101,4
656,5	-0,003	101,4
657,0	-0,003	101,4
657,5	-0,003	101,4
658,0	-0,003	101,4
658,5	-0,003	101,4
659,0	-0,003	101,6
659,5	-0,003	101,6
660,0	-0,003	101,6
660,5	-0,003	101,6
661,0	-0,003	101,6
661,5	-0,003	101,6
662,0	-0,003	101,6
662,5	-0,003	101,6
663,0	-0,003	101,6
663,5	-0,003	101,6
664,0	-0,003	101,6
664,5	-0,003	101,6
665,0	-0,003	101,6
665,5	-0,003	101,6
666,0	-0,003	101,6
666,5	-0,003	101,7
667,0	-0,003	101,7
667,5	-0,003	101,7
668,0	-0,003	101,7
668,5	-0,003	101,7
669,0	-0,003	101,7
669,5	-0,003	101,7
670,0	-0,003	101,7
670,5	-0,003	101,7
671,0	-0,003	101,7
671,5	-0,003	101,7
672,0	-0,003	101,7
672,5	-0,003	101,7
673,0	-0,003	101,9
673,5	-0,003	101,9
674,0	-0,003	101,9
674,5	-0,003	101,9
675,0	-0,003	101,9
675,5	-0,003	101,9
676,0	-0,003	101,9
676,5	-0,003	101,9
677,0	-0,003	101,9
677,5	-0,003	101,9
678,0	-0,003	101,9
678,5	-0,003	101,9
679,0	-0,003	101,9
679,5	-0,003	102,0
680,0	-0,003	102,0
680,5	-0,003	102,0
681,0	-0,003	102,0
681,5	-0,003	102,0
682,0	-0,003	102,0
682,5	-0,003	102,0
683,0	-0,003	102,0
683,5	-0,003	102,0
684,0	-0,003	102,0
684,5	-0,003	102,0
685,0	-0,002	102,0
685,5	-0,003	102,0
686,0	-0,003	102,2
686,5	-0,003	102,2
687,0	-0,003	102,2
687,5	-0,003	102,2
688,0	-0,003	102,2
688,5	-0,003	102,2
689,0	-0,003	102,2
689,5	-0,003	102,2
690,0	-0,003	102,2
690,5	-0,003	102,2
691,0	-0,003	102,2
691,5	-0,003	102,2
692,0	-0,003	102,2
692,5	-0,003	102,3
693,0	-0,003	102,3
693,5	-0,003	102,3
694,0	-0,003	102,3
694,5	-0,003	102,3
695,0	-0,003	102,3
695,5	-0,003	102,3
696,0	-0,003	102,3
696,5	-0,003	102,3
697,0	-0,003	102,3
697,5	-0,003	102,3
698,0	-0,003	102,3
698,5	-0,003	102,3
699,0	-0,003	102,3
699,5	-0,003	102,5
700,0	-0,003	102,5
700,5	-0,003	102,5
701,0	-0,003	102,5
701,5	-0,003	102,5
702,0	-0,003	102,5
702,5	-0,003	102,5
703,0	-0,003	102,5
703,5	-0,003	102,5
704,0	-0,003	102,5
704,5	-0,003	102,5
705,0	-0,003	102,5
705,5	-0,003	102,6
706,0	-0,003	102,6
706,5	-0,003	102,6
707,0	-0,003	102,6
707,5	-0,003	102,6
708,0	-0,003	102,6
708,5	-0,003	102,6
709,0	-0,003	102,6
709,5	-0,003	102,6
710,0	-0,003	102,6
710,5	-0,003	102,6
711,0	-0,003	102,6
711,5	-0,003	102,6
712,0	-0,003	102,6
712,5	-0,003	102,6
713,0	-0,003	102,8
713,5	-0,003	102,8
714,0	-0,003	102,8
714,5	-0,003	102,8
715,0	-0,003	102,8
715,5	-0,003	102,8
716,0	-0,003	102,8
716,5	-0,003	102,8
717,0	-0,003	102,8
717,5	-0,003	102,8
718,0	-0,003	102,8
718,5	-0,003	102,8
719,0	-0,003	102,8
719,5	-0,003	102,8
720,0	-0,003	102,8
720,5	-0,003	102,8
721,0	-0,003	102,9
721,5	-0,003	102,9
722,0	-0,003	102,9
722,5	-0,003	102,9
723,0	-0,003	102,9
723,5	-0,003	102,9
724,0	-0,003	102,9
724,5	-0,003	102,9
725,0	-0,003	102,9
725,5	-0,003	102,9
726,0	-0,003	102,9
726,5	-0,003	102,9
727,0	-0,003	102,9
727,5	-0,003	102,9
728,0	-0,003	102,9
728,5	-0,003	102,9
729,0	-0,003	103,1
729,5	-0,003	103,1
730,0	-0,003	103,1
730,5	-0,003	103,1
731,0	-0,003	103,1
731,5	-0,003	103,1
732,0	-0,003	103,1
732,5	-0,003	103,1
733,0	-0,003	103,1
733,5	-0,003	103,1
734,0	-0,003	103,1
734,5	-0,003	103,1
735,0	-0,003	103,1
735,5	-0,003	103,1
736,0	-0,003	103,2
736,5	-0,003	103,2
737,0	-0,003	103,2
737,5	-0,003	103,2
738,0	-0,003	103,2
738,5	-0,003	103,2
739,0	-0,003	103,2
739,5	-0,003	103,2
740,0	-0,003	103,2
740,5	-0,003	103,2
741,0	-0,003	103,2
741,5	-0,003	103,2
742,0	-0,003	103,2
742,5	-0,003	103,2
743,0	-0,003	103,2
743,5	-0,003	103,2
744,0	-0,003	103,2
744,5	-0,003	103,4
745,0	-0,003	103,4
745,5	-0,003	103,4
746,0	-0,003	103,4
746,5	-0,003	103,4
747,0	-0,003	103,4
747,5	-0,003	103,4
748,0	-0,003	103,4
748,5	-0,003	103,4
749,0	-0,003	103,4
749,5	-0,003	103,4
750,0	-0,003	103,4
750,5	-0,003	103,4
751,0	-0,003	103,4
751,5	-0,003	103,4
752,0	-0,003	103,4
752,5	-0,003	103,5
753,0	-0,003	103,5
753,5	-0,003	103,5
754,0	-0,003	103,5
754,5	-0,003	103,5
755,0	-0,003	103,5
755,5	-0,003	103,5
756,0	-0,003	103,5
756,5	-0,003	103,5
757,0	-0,003	103,5
757,5	-0,003	103,5
758,0	-0,003	103,5
758,5	-0,003	103,5
759,0	-0,003	103,5
759,5	-0,003	103,5
760,0	-0,003	103,5
760,5	-0,003	103,5
761,0	-0,003	103,5
761,5	-0,003	103,5
762,0	-0,003	103,7
762,5	-0,003	103,7
763,0	-0,003	103,7
763,5	-0,003	103,7
764,0	-0,003	103,7
764,5	-0,003	103,7
765,0	-0,003	103,7
765,5	-0,003	103,7
766,0	-0,003	103,7
766,5	-0,003	103,7
767,0	-0,003	103,7
767,5	-0,003	103,7
768,0	-0,003	103,7
768,5	-0,003	103,7
769,0	-0,003	103,7
769,5	-0,003	103,7
770,0	-0,003	103,7
770,5	-0,003	103,7
771,0	-0,003	103,7
771,5	-0,003	103,7
772,0	-0,003	103,8
772,5	-0,003	103,8
773,0	-0,003	103,8
773,5	-0,003	103,8
774,0	-0,003	103,8
774,5	-0,003	103,8
775,0	-0,003	103,8
775,5	-0,003	103,8
776,0	-0,003	103,8
776,5	-0,003	103,8
777,0	-0,003	103,8
777,5	-0,003	103,8
778,0	-0,003	103,8
778,5	-0,003	103,8
779,0	-0,003	103,8
779,5	-0,003	103,8
780,0	-0,003	103,8
780,5	-0,003	103,8
781,0	-0,003	104,0
781,5	-0,003	104,0
782,0	-0,003	104,0
782,5	-0,003	104,0
783,0	-0,003	104,0
783,5	-0,003	104,0
784,0	-0,003	104,0
784,5	-0,003	104,0
785,0	-0,003	104,0
785,5	-0,003	104,0
786,0	-0,003	104,0
786,5	-0,003	104,0
787,0	-0,003	104,0
787,5	-0,003	104,0
788,0	-0,003	104,0
788,5	-0,003	104,0
789,0	-0,003	104,0
789,5	-0,003	104,0
790,0	-0,003	104,0
790,5	-0,003	104,0
791,0	-0,003	104,0
791,5	-0,003	104,1
792,0	-0,003	104,1
792,5	-0,003	104,1
793,0	-0,003	104,1
793,5	-0,003	104,1
794,0	-0,003	104,1
794,5	-0,003	104,1
795,0	-0,003	104,1
795,5	-0,003	104,1
796,0	-0,003	104,1
796,5	-0,003	104,1
797,0	-0,003	104,1
797,5	-0,003	104,1
798,0	-0,003	104,1
798,5	-0,003	104,1
799,0	-0,003	104,1
799,5	-0,003	104,1
800,0	-0,003	104,1
800,5	-0,003	104,1
801,0	-0,003	104,1
801,5	-0,003	104,3
802,0	-0,003	104,3
802,5	-0,003	104,3
803,0	-0,003	104,3
803,5	-0,003	104,3
804,0	-0,003	104,3
804,5	-0,003	104,3
805,0	-0,003	104,3
805,5	-0,003	104,3
806,0	-0,003	104,3
806,5	-0,003	104,3
807,0	-0,003	104,3
807,5	-0,003	104,3
808,0	-0,003	104,3
808,5	-0,003	104,3
809,0	-0,003	104,3
809,5	-0,003	104,3
810,0	-0,003	104,3
810,5	-0,003	104,4
811,0	-0,003	104,4
811,5	-0,003	104,4
812,0	-0,003	104,4
812,5	-0,003	104,4
813,0	-0,003	104,4
813,5	-0,003	104,4
814,0	-0,003	104,4
814,5	-0,003	104,4
815,0	-0,003	104,4
815,5	-0,003	104,4
816,0	-0,003	104,6
816,5	-0,003	104,6
817,0	-0,003	104,6
817,5	-0,003	104,6
818,0	-0,003	104,6
818,5	-0,003	104,6
819,0	-0,003	104,6
819,5	-0,003	104,7
820,0	-0,002	104,7
820,5	-0,003	104,7
821,0	-0,003	104,7
821,5	-0,003	104,7
822,0	-0,003	104,7
822,5	-0,003	104,7
823,0	-0,003	104,9
823,5	-0,003	104,9
824,0	-0,003	104,9
824,5	-0,003	104,9
825,0	-0,003	105,0
825,5	-0,003	105,0
826,0	-0,003	105,0
826,5	-0,003	105,0
827,0	-0,003	105,0
827,5	-0,003	105,2
828,0	-0,002	105,2
828,5	-0,003	105,2
829,0	-0,003	105,2
829,5	-0,002	105,3
830,0	-0,002	105,3
830,5	-0,002	105,3
831,0	-0,003	105,3
831,5	-0,003	105,5
832,0	-0,003	105,5
832,5	-0,003	105,5
833,0	-0,003	105,6
833,5	-0,003	105,6
834,0	-0,003	105,6
834,5	-0,003	105,6
835,0	-0,003	105,8
835,5	-0,003	105,8
836,0	-0,003	105,8
836,5	-0,003	105,9
837,0	-0,003	105,9
837,5	-0,003	105,9
838,0	-0,003	106,1
838,5	-0,003	106,1
839,0	-0,003	106,1
839,5	-0,003	106,2
840,0	-0,003	106,2
840,5	-0,003	106,2
841,0	-0,002	106,4
841,5	-0,002	106,4
842,0	-0,003	106,4
842,5	-0,002	106,5
843,0	-0,003	106,5
843,5	-0,002	106,7
844,0	-0,003	106,7
844,5	-0,003	106,7
845,0	-0,003	106,8
845,5	-0,003	106,8
846,0	-0,003	106,8
846,5	-0,002	107,0
847,0	-0,002	107,0
847,5	-0,003	107,0
848,0	-0,003	107,1
848,5	-0,003	107,1
849,0	-0,003	107,3
849,5	-0,003	107,3
850,0	-0,003	107,3
850,5	-0,003	107,4
851,0	-0,003	107,4
851,5	-0,003	107,6
852,0	-0,003	107,6
852,5	-0,003	107,7
853,0	-0,003	107,7
853,5	-0,003	107,7
854,0	-0,003	107,9
854,5	-0,002	107,9
855,0	-0,002	108,0
855,5	-0,002	108,0
856,0	-0,002	108,2
856,5	-0,002	108,2
857,0	-0,002	108,2
857,5	-0,002	108,3
858,0	-0,002	108,3
858,5	-0,002	108,5
859,0	-0,001	108,5
859,5	-0,001	108,6
860,0	-0,001	108,6
860,5	-0,001	108,6
861,0	0,000	108,8
861,5	0,000	108,8
862,0	0,000	108,9
862,5	0,001	108,9
863,0	0,001	109,1
863,5	0,002	109,1
864,0	0,002	109,2
864,5	0,003	109,2
865,0	0,003	109,2
865,5	0,004	109,4
866,0	0,005	109,4
866,5	0,006	109,5
867,0	0,006	109,5
867,5	0,007	109,7
868,0	0,008	109,7
868,5	0,010	109,8
869,0	0,011	109,8
869,5	0,012	110,0
870,0	0,013	110,0
870,5	0,015	110,0
871,0	0,017	110,1
871,5	0,018	110,1
872,0	0,021	110,3
872,5	0,022	110,3
873,0	0,024	110,4
873,5	0,027	110,4
874,0	0,029	110,6
874,5	0,032	110,6
875,0	0,035	110,7
875,5	0,038	110,7
876,0	0,041	110,9
876,5	0,044	110,9
877,0	0,047	111,0
877,5	0,051	111,0
878,0	0,055	111,2
878,5	0,058	111,2
879,0	0,062	111,3
879,5	0,066	111,3
880,0	0,070	111,5
880,5	0,075	111,5
881,0	0,080	111,6
881,5	0,084	111,6
882,0	0,089	111,8
882,5	0,095	111,8
883,0	0,100	111,9
883,5	0,106	111,9
884,0	0,111	112,1
884,5	0,117	112,1
885,0	0,122	112,2
885,5	0,128	112,2
886,0	0,134	112,4
886,5	0,140	112,4
887,0	0,147	112,5
887,5	0,153	112,5
888,0	0,159	112,7
888,5	0,165	112,7
889,0	0,170	112,8
889,5	0,176	112,8
890,0	0,182	113,0
890,5	0,188	113,0
891,0	0,194	113,1
891,5	0,200	113,1
892,0	0,206	113,3
892,5	0,211	113,3
893,0	0,216	113,4
893,5	0,221	113,4
894,0	0,226	113,6
894,5	0,231	113,6
895,0	0,235	113,7
895,5	0,241	113,9
896,0	0,245	113,9
896,5	0,249	114,0
897,0	0,254	114,0
897,5	0,258	114,2
898,0	0,262	114,2
898,5	0,266	114,3
899,0	0,270	114,3
899,5	0,275	114,5
900,0	0,279	114,5
900,5	0,283	114,6
901,0	0,287	114,6
901,5	0,291	114,8
902,0	0,295	114,8
902,5	0,298	114,9
903,0	0,302	115,1
903,5	0,306	115,1
904,0	0,309	115,2
904,5	0,313	115,2
905,0	0,316	115,4
905,5	0,320	115,4
906,0	0,323	115,5
906,5	0,326	115,5
907,0	0,330	115,7
907,5	0,333	115,7
908,0	0,336	115,8
908,5	0,339	116,0
909,0	0,342	116,0
909,5	0,344	116,1
910,0	0,347	116,1
910,5	0,350	116,3
911,0	0,353	116,3
911,5	0,355	116,4
912,0	0,357	116,4
912,5	0,360	116,6
913,0	0,362	116,6
913,5	0,364	116,7
914,0	0,367	116,9
914,5	0,369	116,9
915,0	0,371	117,0
915,5	0,373	117,0
916,0	0,375	117,2
916,5	0,377	117,2
917,0	0,379	117,3
917,5	0,381	117,3
918,0	0,383	117,5
918,5	0,385	117,6
919,0	0,386	117,6
919,5	0,388	117,8
920,0	0,389	117,8
920,5	0,391	117,9
921,0	0,393	117,9
921,5	0,394	118,1
922,0	0,396	118,2
922,5	0,397	118,2
923,0	0,398	118,4
923,5	0,400	118,4
924,0	0,401	118,5
924,5	0,402	118,5
925,0	0,404	118,7
925,5	0,405	118,7
926,0	0,406	118,8
926,5	0,407	119,0
927,0	0,409	119,0
927,5	0,410	119,1
928,0	0,411	119,1
928,5	0,412	119,3
929,0	0,413	119,3
929,5	0,415	119,4
930,0	0,415	119,4
930,5	0,416	119,6
931,0	0,417	119,7
931,5	0,419	119,7
932,0	0,420	119,9
932,5	0,421	119,9
933,0	0,422	120,0
933,5	0,422	120,0
934,0	0,423	120,2
934,5	0,424	120,2
935,0	0,425	120,3
935,5	0,425	120,5
936,0	0,426	120,5
936,5	0,427	120,6
937,0	0,428	120,6
937,5	0,429	120,8
938,0	0,430	120,9
938,5	0,430	120,9
939,0	0,431	121,1
939,5	0,432	121,1
940,0	0,433	121,2
940,5	0,434	121,2
941,0	0,434	121,4
941,5	0,435	121,5
942,0	0,435	121,5
942,5	0,437	121,7
943,0	0,437	121,7
943,5	0,438	121,8
944,0	0,438	122,0
944,5	0,439	122,0
945,0	0,440	122,1
945,5	0,440	122,1
946,0	0,441	122,3
946,5	0,442	122,3
947,0	0,443	122,4
947,5	0,443	122,6
948,0	0,444	122,6
948,5	0,444	122,7
949,0	0,445	122,9
949,5	0,445	122,9
950,0	0,446	123,0
950,5	0,446	123,0
951,0	0,447	123,2
951,5	0,448	123,3
952,0	0,448	123,3
952,5	0,449	123,5
953,0	0,449	123,5
953,5	0,450	123,6
954,0	0,450	123,8
954,5	0,451	123,8
955,0	0,451	123,9
955,5	0,452	123,9
956,0	0,453	124,1
956,5	0,453	124,2
957,0	0,454	124,2
957,5	0,455	124,4
958,0	0,455	124,4
958,5	0,455	124,5
959,0	0,456	124,7
959,5	0,456	124,7
960,0	0,457	124,8
960,5	0,457	124,8
961,0	0,458	125,0
961,5	0,458	125,1
962,0	0,458	125,1
962,5	0,459	125,3
963,0	0,459	125,3
963,5	0,460	125,4
964,0	0,460	125,6
964,5	0,461	125,6
965,0	0,461	125,7
965,5	0,462	125,7
966,0	0,462	125,9
966,5	0,463	126,0
967,0	0,463	126,0
967,5	0,463	126,2
968,0	0,464	126,2
968,5	0,464	126,3
969,0	0,465	126,5
969,5	0,465	126,5
970,0	0,466	126,6
970,5	0,466	126,8
971,0	0,466	126,8
971,5	0,467	126,9
972,0	0,467	126,9
972,5	0,468	127,1
973,0	0,468	127,2
973,5	0,468	127,2
974,0	0,469	127,4
974,5	0,469	127,4
975,0	0,470	127,5
975,5	0,470	127,7
976,0	0,470	127,7
976,5	0,471	127,8
977,0	0,471	128,0
977,5	0,472	128,0
978,0	0,472	128,1
978,5	0,473	128,1
979,0	0,473	128,3
979,5	0,473	128,4
980,0	0,474	128,4
980,5	0,474	128,6
981,0	0,475	128,6
981,5	0,475	128,7
982,0	0,475	128,9
982,5	0,476	128,9
983,0	0,476	129,0
983,5	0,476	129,0
984,0	0,477	129,2
984,5	0,477	129,2
985,0	0,478	129,3
985,5	0,478	129,5
986,0	0,478	129,5
986,5	0,478	129,6
987,0	0,479	129,8
987,5	0,479	129,8
988,0	0,480	129,9
988,5	0,480	129,9
989,0	0,481	130,1
989,5	0,481	130,2
990,0	0,481	130,2
990,5	0,481	130,4
991,0	0,482	130,5
991,5	0,482	130,5
992,0	0,483	130,7
992,5	0,483	130,7
993,0	0,483	130,8
993,5	0,483	131,0
994,0	0,484	131,0
994,5	0,484	131,1
995,0	0,485	131,3
995,5	0,485	131,3
996,0	0,485	131,4
996,5	0,486	131,4
997,0	0,486	131,6
997,5	0,486	131,7
998,0	0,487	131,7
998,5	0,487	131,9
999,0	0,487	132,0
999,5	0,488	132,0
1000,0	0,488	132,2
1000,5	0,488	132,2
1001,0	0,489	132,3
1001,5	0,489	132,5
1002,0	0,489	132,5
1002,5	0,490	132,6
1003,0	0,490	132,8
1003,5	0,490	132,8
1004,0	0,491	132,9
1004,5	0,491	132,9
1005,0	0,491	133,1
1005,5	0,492	133,1
1006,0	0,492	133,2
1006,5	0,492	133,4
1007,0	0,493	133,4
1007,5	0,493	133,5
1008,0	0,493	133,7
1008,5	0,494	133,7
1009,0	0,494	133,8
1009,5	0,494	133,8
1010,0	0,494	134,0
1010,5	0,495	134,1
1011,0	0,495	134,1
1011,5	0,495	134,3
1012,0	0,496	134,4
1012,5	0,496	134,4
1013,0	0,496	134,6
1013,5	0,497	134,6
1014,0	0,497	134,7
1014,5	0,497	134,9
1015,0	0,497	134,9
1015,5	0,498	135,0
1016,0	0,498	135,2
1016,5	0,499	135,2
1017,0	0,499	135,3
1017,5	0,499	135,3
1018,0	0,500	135,5
1018,5	0,500	135,6
1019,0	0,500	135,6
1019,5	0,501	135,8
1020,0	0,501	135,8
1020,5	0,501	135,9
1021,0	0,502	136,1
1021,5	0,502	136,1
1022,0	0,502	136,2
1022,5	0,502	136,2
1023,0	0,503	136,4
1023,5	0,503	136,5
1024,0	0,503	136,5
1024,5	0,504	136,7
1025,0	0,504	136,8
1025,5	0,505	136,8
1026,0	0,505	137,0
1026,5	0,505	137,0
1027,0	0,505	137,1
1027,5	0,506	137,3
1028,0	0,506	137,3
1028,5	0,506	137,4
1029,0	0,506	137,4
1029,5	0,507	137,6
1030,0	0,507	137,7
1030,5	0,507	137,7
1031,0	0,507	137,9
1031,5	0,508	138,0
1032,0	0,508	138,0
1032,5	0,508	138,2
1033,0	0,509	138,2
1033,5	0,509	138,3
1034,0	0,509	138,5
1034,5	0,510	138,5
1035,0	0,510	138,6
1035,5	0,510	138,6
1036,0	0,510	138,8
1036,5	0,511	138,9
1037,0	0,511	138,9
1037,5	0,511	139,1
1038,0	0,511	139,1
1038,5	0,512	139,2
1039,0	0,512	139,4
1039,5	0,512	139,4
1040,0	0,512	139,5
1040,5	0,512	139,5
1041,0	0,513	139,7
1041,5	0,513	139,8
1042,0	0,513	139,8
1042,5	0,514	140,0
1043,0	0,514	140,1
1043,5	0,514	140,1
1044,0	0,515	140,3
1044,5	0,515	140,3
1045,0	0,515	140,4
1045,5	0,515	140,4
1046,0	0,516	140,6
1046,5	0,516	140,7
1047,0	0,516	140,7
1047,5	0,516	140,9
1048,0	0,517	140,9
1048,5	0,517	141,0
1049,0	0,517	141,2
1049,5	0,518	141,2
1050,0	0,518	141,3
1050,5	0,518	141,5
1051,0	0,519	141,5
1051,5	0,519	141,6
1052,0	0,519	141,6
1052,5	0,519	141,8
1053,0	0,519	141,9
1053,5	0,520	141,9
1054,0	0,520	142,1
1054,5	0,521	142,1
1055,0	0,520	142,2
1055,5	0,521	142,4
1056,0	0,521	142,4
1056,5	0,521	142,5
1057,0	0,522	142,5
1057,5	0,522	142,7
1058,0	0,522	142,8
1058,5	0,522	142,8
1059,0	0,523	143,0
1059,5	0,523	143,0
1060,0	0,523	143,1
1060,5	0,523	143,1
1061,0	0,524	143,3
1061,5	0,524	143,4
1062,0	0,524	143,4
1062,5	0,524	143,6
1063,0	0,524	143,7
1063,5	0,525	143,7
1064,0	0,525	143,9
1064,5	0,525	143,9
1065,0	0,526	144,0
1065,5	0,526	144,0
1066,0	0,526	144,2
1066,5	0,527	144,3
1067,0	0,527	144,3
1067,5	0,527	144,5
1068,0	0,527	144,5
1068,5	0,528	144,6
1069,0	0,528	144,8
1069,5	0,528	144,8
1070,0	0,528	144,9
1070,5	0,528	144,9
1071,0	0,529	145,1
1071,5	0,529	145,2
1072,0	0,529	145,2
1072,5	0,529	145,4
1073,0	0,529	145,4
1073,5	0,530	145,5
1074,0	0,530	145,5
1074,5	0,530	145,7
1075,0	0,530	145,8
1075,5	0,531	145,8
1076,0	0,531	146,0
1076,5	0,531	146,0
1077,0	0,532	146,1
1077,5	0,532	146,3
1078,0	0,532	146,3
1078,5	0,532	146,4
1079,0	0,533	146,4
1079,5	0,533	146,6
1080,0	0,533	146,6
1080,5	0,534	146,7
1081,0	0,534	146,9
1081,5	0,534	146,9
1082,0	0,534	147,0
1082,5	0,534	147,0
1083,0	0,535	147,2
1083,5	0,535	147,2
1084,0	0,535	147,3
1084,5	0,535	147,5
1085,0	0,535	147,5
1085,5	0,536	147,6
1086,0	0,536	147,6
1086,5	0,536	147,8
1087,0	0,536	147,8
1087,5	0,537	147,9
1088,0	0,537	148,1
1088,5	0,537	148,1
1089,0	0,537	148,2
1089,5	0,537	148,2
1090,0	0,538	148,4
1090,5	0,538	148,4
1091,0	0,538	148,5
1091,5	0,539	148,7
1092,0	0,539	148,7
1092,5	0,539	148,8
1093,0	0,539	148,8
1093,5	0,539	149,0
1094,0	0,540	149,0
1094,5	0,540	149,1
1095,0	0,540	149,3
1095,5	0,540	149,3
1096,0	0,540	149,4
1096,5	0,540	149,4
1097,0	0,541	149,6
1097,5	0,541	149,6
1098,0	0,541	149,7
1098,5	0,542	149,9
1099,0	0,542	149,9
1099,5	0,542	150,0
1100,0	0,542	150,0
1100,5	0,542	150,2
1101,0	0,542	150,2
1101,5	0,543	150,3
1102,0	0,543	150,5
1102,5	0,543	150,5
1103,0	0,543	150,6
1103,5	0,544	150,6
1104,0	0,544	150,8
1104,5	0,544	150,8
1105,0	0,544	150,9
1105,5	0,544	151,1
1106,0	0,545	151,1
1106,5	0,545	151,2
1107,0	0,545	151,2
1107,5	0,545	151,4
1108,0	0,546	151,4
1108,5	0,546	151,5
1109,0	0,546	151,5
1109,5	0,546	151,7
1110,0	0,547	151,8
1110,5	0,547	151,8
1111,0	0,547	152,0
1111,5	0,547	152,0
1112,0	0,548	152,1
1112,5	0,548	152,1
1113,0	0,548	152,3
1113,5	0,548	152,4
1114,0	0,548	152,4
1114,5	0,549	152,6
1115,0	0,549	152,6
1115,5	0,549	152,7
1116,0	0,549	152,7
1116,5	0,550	152,9
1117,0	0,550	152,9
1117,5	0,550	153,0
1118,0	0,550	153,0
1118,5	0,551	153,2
1119,0	0,551	153,3
1119,5	0,551	153,3
1120,0	0,551	153,5
1120,5	0,551	153,5
1121,0	0,552	153,6
1121,5	0,552	153,6
1122,0	0,552	153,8
1122,5	0,552	153,9
1123,0	0,552	153,9
1123,5	0,553	154,1
1124,0	0,553	154,1
1124,5	0,553	154,2
1125,0	0,553	154,2
1125,5	0,554	154,4
1126,0	0,554	154,4
1126,5	0,554	154,5
1127,0	0,555	154,7
1127,5	0,554	154,7
1128,0	0,555	154,8
1128,5	0,555	154,8
1129,0	0,555	155,0
